m_heightField:
  m_assetHandle: 5742937757974417005
  m_assetTypeName: HeightField
m_soilParameters:
  m_voxelResolution: [64, 48, 64]
  m_deltaX: 0.200000003
  m_deltaTime: 0.00999999978
  m_boundingBoxMin: [-6.4000001, -6.4000001, -6.4000001]
  m_boundary_x: 0
  m_boundary_y: 0
  m_boundary_z: 0
  m_diffusionForce: 0.100000001
  m_gravityForce: [0, -0.0500000007, 0]
m_soilLayerDescriptors:
  - m_assetHandle: 3045448461045685079
    m_assetTypeName: NoiseSoilLayerDescriptor
  - m_assetHandle: 6151212733291518742
    m_assetTypeName: NoiseSoilLayerDescriptor
  - m_assetHandle: 18351212384293294443
    m_assetTypeName: NoiseSoilLayerDescriptor
  - m_assetHandle: 7549169038892867823
    m_assetTypeName: NoiseSoilLayerDescriptor
  - m_assetHandle: 13251257678025686143
    m_assetTypeName: NoiseSoilLayerDescriptor